0.113182,   0.114245,   0.115225,   0.116137,   0.116992,   0.117799,   0.118575,   0.119202,   0.120024,   0.120707,   0.121381,    ; 

-13.1174,   -12.5827,   -12.0389,   -11.4865,   -10.9258,   -10.3576,   -9.78244,   -9.20137,   -8.61577,   -8.02787,   -7.44072,   ; 

-13.1174,   -12.5827,   -12.0389,   -11.4865,   -10.9258,   -10.3576,   -9.78244,   -9.20137,   -8.61577,   -8.02787,   -7.44072,   ; 

-13.1284,   -12.5938,   -12.0501,   -11.4978,   -10.9373,   -10.3691,   -9.79408,   -9.21312,   -8.62762,   -8.03977,   -7.45262,   ; 

-8.68363,   -8.08722,   -7.48077,   -6.86942,   -6.26136,   -5.66931,   -4.98059,   -2.91388,   -1.88358,   -2.03627,   -2.04942,   ; 

-7.57996,   -6.96317,   -6.34368,   -5.7343,   -4.80195,   -3.58761,   -2.57707,   -1.73444,   -1.94394,   -1.96106,   -1.9723,   ; 

-6.0863,   -5.4037,   -4.27849,   -2.5441,   -1.73301,   -1.91568,   -1.94492,   -1.96084,   -1.97804,   -1.995,   -1.87828,   ; 

-4.62075,   -3.04419,   -2.20071,   -1.53367,   -1.6963,   -1.72558,   -1.75022,   -1.77001,   -1.79224,   -1.8087,   -1.82644,   ; 

-230.013,   5.49853,   0.219364,   489.13,   128.594,   0.314777,   0.320467,   0.325595,   0.33059,   0.33486,   0.33814,   ; 

16.7529,   36.6031,   -1.72508e+06,   -10.7035,   0.288219,   0.341814,   0.398262,   0.488208,   0.516873,   0.531652,   0.54199,   ; 

16.5786,   7057.72,   -80.9928,   0.440449,   41.8737,   36.1528,   29.2727,   64.6683,   0.180924,   -469.444,   66.823,   ; 

-12.55,   3664.93,   0.133834,   -156.568,   0.14054,   -150.142,   -76.8828,   0.222049,   0.16144,   0.169445,   0.178087,   ; 

0.139644,   0.198953,   0.15036,   0.156514,   0.163519,   0.171302,   0.17979,   0.187905,   0.194739,   0.201377,   0.207856,   ; 

0.144496,   0.213443,   0.158442,   0.167009,   0.175149,   0.182936,   0.190443,   0.196838,   0.202254,   0.206782,   0.210484,   ; 

330.057,   -2642.96,   2162.13,   0.213542,   0.200187,   0.196998,   0.197342,   0.197851,   0.199511,   0.20141,   0.203449,   ; 

0.1634,   0.164543,   0.165747,   0.167701,   0.150833,   0.172346,   0.175,   0.177624,   0.180892,   0.183431,   0.185923,   ; 

0.211069,   0.215712,   0.221271,   0.225644,   0.229909,   0.234073,   0.238142,   0.242122,   0.245094,   0.219369,   0.251788,   ; 

0.735325,   0.753267,   0.768845,   0.514926,   0.521725,   0.537701,   0.556051,   0.570837,   0.582398,   0.596355,   0.568975,   ; 

0.206301,   0.210169,   0.21478,   0.218401,   0.221926,   0.22536,   0.22871,   0.231981,   0.234426,   0.237569,   0.239918,   ; 

0.617583,   0.416082,   0.430238,   0.446415,   0.459403,   0.471932,   0.48404,   0.495757,   0.504937,   0.513896,   0.522646,   ; 

-4.43784,   -3.73054,   -3.79311,   -3.86366,   -3.94167,   -4.0101,   -4.07759,   -4.14417,   -4.21771,   -4.3055,   -4.39162,   ; 

0.629617,   0.425532,   0.437163,   0.453722,   0.469529,   0.482246,   0.49453,   0.50414,   0.513507,   0.522645,   0.531567,   ; 

0.633438,   0.427995,   0.439701,   0.456368,   0.472279,   0.485079,   0.495077,   0.507118,   0.516548,   0.525747,   0.534729,   ; 

166.421,   -2.92218,   -1.96767,   -1.53292,   -1.22255,   -0.995242,   -0.827178,   -0.704786,   -0.619601,   -0.539869,   -0.535332,   ; 

-10.5313,   -1.48318,   -7.71336,   676.956,   -1.32327,   276.034,   -18.3492,   -11.0395,   20.7209,   498.531,   -40.2681,   ; 

73.3897,   -1.62589,   -6.44605,   -2.32241,   -1.76328,   -1.38442,   -1.11501,   -0.922308,   -0.787949,   -0.699059,   -0.644194,   ; 

0.317273,   0.3268,   0.337679,   0.346433,   0.353276,   0.359933,   0.36794,   0.374221,   0.378897,   0.384915,   0.390795,   ; 

0.777032,   0.794804,   0.774947,   0.828596,   0.545074,   0.555564,   0.572315,   0.588521,   0.601196,   0.61652,   0.628534,   ; 

-5.56717,   -9.69666,   -1.06808,   -0.522299,   -0.818211,   4.74541,   -4.85298,   -1.03482,   -0.558632,   -0.755183,   -19.5898,   ; 

-1.39159,   -0.56109,   -0.512729,   -3.85693,   -39.998,   -2.11698,   -0.76033,   -0.506688,   -0.841755,   -59.0904,   -12.7682,   ; 

-0.501052,   -0.656087,   -22.6765,   -6.96158,   -1.16839,   -0.564968,   -0.552831,   -3.63487,   -130.433,   -2.64977,   -0.876271,   ; 

47.6619,   -1.14176,   -0.52977,   -0.667514,   -16.8986,   -7.82928,   -1.23955,   -0.589642,   -0.586096,   -4.81132,   -36.2252,   ; 

0.113994,   0.115133,   0.116181,   0.117157,   0.118073,   0.118939,   0.119763,   0.119849,   0.121295,   0.122033,   0.122742,   ; 

0.113277,   0.114385,   0.115402,   0.116346,   0.117228,   0.11806,   0.118854,   0.11934,   0.120338,   0.121041,   0.121728,   ; 

0.113248,   0.114355,   0.115371,   0.116313,   0.117194,   0.118024,   0.118818,   0.11932,   0.1203,   0.121001,   0.121687,   ; 

0.112864,   0.113954,   0.114953,   0.115878,   0.116741,   0.117553,   0.118335,   0.11905,   0.119786,   0.120468,   0.121142,   ; 

0.112981,   0.114077,   0.115081,   0.116011,   0.116879,   0.117697,   0.118483,   0.119132,   0.119944,   0.120631,   0.121309,   ; 

0.112981,   0.114076,   0.115081,   0.11601,   0.116879,   0.117697,   0.118482,   0.119132,   0.119943,   0.120631,   0.121309,   ; 

0.1129,   0.114016,   0.115035,   0.115977,   0.116856,   0.117681,   0.118473,   0.119117,   0.119945,   0.120637,   0.121318,   ; 

0.11293,   0.11404,   0.115056,   0.115995,   0.116871,   0.117694,   0.118485,   0.119126,   0.119954,   0.120645,   0.121325,   ; 

0.113054,   0.114142,   0.11514,   0.116066,   0.116931,   0.117747,   0.11853,   0.119164,   0.119989,   0.120676,   0.121353,   ; 

0.113106,   0.114184,   0.115175,   0.116095,   0.116956,   0.117768,   0.118549,   0.119179,   0.120003,   0.120689,   0.121365,   ; 

0.113145,   0.114215,   0.115201,   0.116116,   0.116974,   0.117784,   0.118562,   0.119191,   0.120014,   0.120698,   0.121373,   ; 

0.113157,   0.114225,   0.115209,   0.116123,   0.11698,   0.117789,   0.118567,   0.119194,   0.120017,   0.120701,   0.121376,   ; 

0.113173,   0.114238,   0.11522,   0.116132,   0.116988,   0.117795,   0.118572,   0.119199,   0.120021,   0.120705,   0.121379,   ; 

0.113175,   0.114239,   0.115221,   0.116133,   0.116988,   0.117796,   0.118573,   0.1192,   0.120022,   0.120705,   0.12138,   ; 

0.11318,   0.114244,   0.115224,   0.116136,   0.116991,   0.117798,   0.118575,   0.119201,   0.120023,   0.120707,   0.121381,   ; 

0.11318,   0.114244,   0.115224,   0.116136,   0.116991,   0.117798,   0.118575,   0.119201,   0.120023,   0.120707,   0.121381,   ; 

0.113182,   0.114245,   0.115225,   0.116137,   0.116992,   0.117799,   0.118575,   0.119202,   0.120024,   0.120707,   0.121381,   ; 

0.112627,   0.113725,   0.114744,   0.115689,   0.116571,   0.117401,   0.118187,   0.118946,   0.119665,   0.120368,   0.12105,   0.112627,   0.113725,   0.114744,   0.115689,   0.116571,   0.117401,   0.118187,   0.118946,   0.119665,   0.120368,   0.12105,   